3
6
12
31
71
100
126
134
142
152
189
216
229
230
236
261
289
292
353
357
381
398
422
425
441
500
528
545
552
570
576
578
610
619
732
741
743
744
745
750
751
779
780
781
821
827
833
849
875
887
904
950
961
1000
1014
1026
1035
1051
1052
1060
1075
1079
1101
1113
1149
1177
1180
1182
1184
1194
1203
1226
1271
1274
1286
1287
1385
1445
1458
1472
1519
1553
1557
1574
1578
1634
1669
1686
1758
1766
1832
1842
1874
1887
1899
1901
1909
1915
1928
1952
2007
2008
2015
2069
2186
2209
2215
2260
2284
2291
2296
2310
2353
2372
2373
2385
2408
2427
2431
2432
2452
2479
2511
2527
2542
2559
2609
2633
2657
2674
2675
2687
2751
2758
2797
2803
2819
2864
2889
2892
2926
2948
2954
2972
2985
3018
3019
3071
3085
3107
3109
3189
3191
3257
3269
3275
3290
3362
3364
3385
3391
3414
3420
3422
3448
3479
3550
3551
3620
3624
3671
3675
3676
3714
3787
3808
3813
3818
3823
3851
3852
3881
3884
3892
3925
3934
3945
3955
3963
3997
4000
4026
4028
4048
4111
4112
4132
4176
4183
4188
4207
4216
4221
4224
4226
4262
4272
4312
4403
4419
4436
4489
4493
4597
4624
4635
4698
4707
4741
4840
4891
4983
4989
5010
5061
5063
5084
5119
5158
5189
5190
5200
5217
5331
5343
5358
5537
5539
5543
5567
5930
5991
6004
6064
6175
6181
6272
6332
6906
7187
7273
7405
7428
7451
7792
7912
7941
8187
8601
8888
9051
9216
9254
9323
9469
9823
10162
10272
10809
10962
11116
11341
11446
11517
11922
12118
12486
12649
12733
12794
12825
12851
12854
12938
13294
13497
13510
13742
14081
14164
14242
14449
14735
14762
14804
15442
15537
15611
15615
15817
15874
16114
16344
16450
16583
16638
16659
16711
16918
17114
17148
17253
17270
17286
17420
17630
17809
18119
18614
18708
18773
18797
18824
18864
18991
19125
19652
19909
20029
20364
20451
20565
21124
21224
21228
21240
21248
21418
21426
21429
21432
21472
21499
21539
21547
21549
21580
21590
21595
21624
21628
21634
21655
21665
21674
21676
21697
21713
21764
21817
21826
21834
21846
21851
21853
21861
21864
21873
21876
21881
21893
21904
21911
21917
21923
21931
21940
21982
21989
21996
22006
22009
22025
22029
22033
22038
22046
22058
22063
22064
22069
22080
22103
22104
22105
22119
22122
22125
22128
22140
22142
22155
22160
22162
22167
22170
22179
22180
22182
22183
22190
22191
22211
22213
22222
22223
22224
22229
22232
22243
22245
22248
22256
22257
22267
22268
22273
22276
22284
22303
22310
22314
22323
22325
22330
22416
22672
22910
23711
23980
23992
24048
24125
24483
24804
25108
25152
25198
25279
25280
25472
25523
25620
25689
25942
25958
26020
26160
26512
26746
28258
28772
28962
28982
29385
29403
29442
29476
29515
29570
29582
29666
29676
29727
29742
29786
29919
29961
30254
30285
30748
30785
30789
30856
30869
30879
31084
31174
31235
31338
31503
31537
31639
31767
31980
31991
32261
32467
32472
32474
32629
32827
33159
33162
33191
33309
33505
33624
33791
33844
33868
33937
33958
34100
34111
34140
34208
34262
34298
34338
34426
34796
34819
34845
34944
34988
34989
34991
34993
34994
35013
35141
35148
35193
35211
35275
35325
35479
35524
35534
35660
35663
35708
35748
35764
35805
35948
35969
36029
36039
36053
36165
36212
36213
36229
36235
36313
36389
36436
36567
36603
36688
36730
36768
36864
36883
36910
36984
37175
37291
37464
37671
37779
37841
37932
37933
37978
38067
38078
38180
38259
38267
38332
38353
38374
38384
38442
38456
38462
38471
38473
38482
38483
38629
38631
38636
38789
38829
38859
38939
38998
39088
39134
39203
39220
39440
39562
39660
39933
39982
40182
40386
40496
40610
40679
40749
40755
40763
40846
40894
40976
41019
41504
41532
41561
41947
41990
42031
42039
42136
42220
42268
42579
42592
42651
42695
42841
43064
43080
43089
43182
43192
43275
43308
43383
43446
43493
43624
43815
44057
44079
44245
44282
44304
44424
44459
44468
44655
44698
44894
44992
45030
45047
45054
45073
45179
45207
45229
45258
45650
45689
45792
45852
45929
45931
45956
45966
45999
46079
46129
46218
46225
46286
46374
46447
46456
46471
46539
46615
46733
46739
46761
46911
47069
47107
47247
47312
47414
47421
47481
47620
47700
47732
47814
47827
47861
47900
47962
48030
48080
48125
48139
48180
48188
48200
48219
48256
48300
48409
48474
48581
48742
48806
48863
48951
49030
49067
49145
49183
49246
49257
49301
49332
49349
49394
49396
49414
49448
49482
49492
49530
49644
49661
49770
49806
49823
49862
49864
49866
49891
49984
49998
50020
50038
50054
50151
50167
50186
50196
50207
50214
50259
50331
50345
50350
50369
50427
50434
50446
50465
50485
50486
50507
50522
50538
50585
50646
50647
50658
50705
50721
50734
50771
50798
50819
50823
50975
51027
51070
51142
51147
51198
51210
51243
51264
51277
51288
51321
51335
51346
51392
51428
51465
51507
51530
51552
51628
51635
51665
51706
51721
51723
51780
51854
51914
52002
52015
52024
52051
52164
52172
52190
52193
52241
52243
52308
52319
52339
52370
52380
52383
52387
52461
52479
52498
52566
52635
52649
52699
52734
52790
52796
52834
52901
52927
52935
52973
52980
53001
53053
53055
53058
53063
53067
53155
53156
53242
53288
53306
53320
53381
53384
53467
53477
53490
53556
53578
53692
53730
53747
53756
53757
53829
53837
53873
53943
53944
53949
53966
53968
53976
53984
54076
54122
54143
54231
54243
54250
54297
54337
54369
54371
54373
54428
54481
54490
54531
54587
54592
54645
54650
54677
54788
54794
54831
54854
54874
54876
54902
54982
54984
55012
55016
55048
55081
55106
55161
55242
55250
55305
55318
55321
55362
55405
55438
55452
55483
55536
55651
55675
55700
55718
55774
55790
55830
55909
55973
56011
56022
56062
56090
56105
56154
56182
56254
56309
56325
56373
56399
56422
56426
56498
56535
56604
56620
56623
56707
56721
56827
56866
56868
56895
56988
57041
57057
57066
57075
57119
57138
57146
57182
57228
57263
57285
57287
57391
57433
57439
57481
57483
57497
57519
57723
57756
57770
57784
57803
57824
57834
57877
57912
57958
57992
58048
58061
58094
58135
58204
58255
58315
58341
58508
58560
58619
58627
58631
58718
58767
58781
58895
58902
58970
59005
59029
59054
59107
59117
59125
59145
59165
59211
59329
59340
59392
59437
59466
59554
59562
59606
59700
59712
59766
59775
59807
59836
59951
59989
59999
60034
60061
60167
60168
60197
60267
60316
60318
60380
60471
60640
60641
60743
60790
60804
60823
60841
60947
60996
61007
61010
61123
61149
61202
61259
61263
61414
61434
61450
61465
61514
61527
61654
61656
61661
61674
61709
61783
61810
61888
61915
61918
62087
62113
62125
62141
62180
62223
62234
62243
62370
62378
62439
62440
62528
62535
62545
62620
62683
62694
62736
62761
62826
62836
62884
62975
62995
63001
63007
63045
63065
63077
63091
63111
63122
63251
63278
63353
